t Vext G_frac
0.00000e+00 5.00000e+00 0.00000e+00
3.36983e-02 4.66302e+00 0.00000e+00
6.51255e-02 4.34875e+00 0.00000e+00
9.44346e-02 4.05565e+00 0.00000e+00
1.21768e-01 3.78232e+00 0.00000e+00
1.47260e-01 3.52740e+00 0.00000e+00
1.71033e-01 3.28967e+00 0.00000e+00
1.93205e-01 3.06795e+00 0.00000e+00
2.13882e-01 2.86118e+00 0.00000e+00
2.33165e-01 2.66835e+00 0.00000e+00
2.51149e-01 2.48851e+00 0.00000e+00
2.67921e-01 2.32079e+00 0.00000e+00
2.83562e-01 2.16438e+00 0.00000e+00
2.98149e-01 2.01851e+00 0.00000e+00
3.11753e-01 1.88247e+00 0.00000e+00
3.24440e-01 1.75560e+00 0.00000e+00
3.36273e-01 1.63727e+00 0.00000e+00
3.47307e-01 1.52693e+00 0.00000e+00
3.57598e-01 1.42402e+00 0.00000e+00
3.67196e-01 1.32804e+00 0.00000e+00
3.76146e-01 1.23854e+00 0.00000e+00
3.84494e-01 1.15506e+00 0.00000e+00
3.92278e-01 1.07722e+00 0.00000e+00
3.99538e-01 1.00462e+00 0.00000e+00
4.06309e-01 9.36909e-01 0.00000e+00
4.12624e-01 8.73764e-01 0.00000e+00
4.18512e-01 8.14875e-01 0.00000e+00
4.24004e-01 7.59956e-01 0.00000e+00
4.29126e-01 7.08737e-01 0.00000e+00
4.33903e-01 6.60971e-01 0.00000e+00
4.38358e-01 6.16423e-01 0.00000e+00
4.42512e-01 5.74878e-01 0.00000e+00
4.46387e-01 5.36134e-01 0.00000e+00
4.50000e-01 5.00000e-01 0.00000e+00
4.53370e-01 4.66302e-01 0.00000e+00
4.56513e-01 4.34875e-01 0.00000e+00
4.59443e-01 4.05565e-01 0.00000e+00
4.62177e-01 3.78232e-01 0.00000e+00
4.64726e-01 3.52740e-01 0.00000e+00
4.67103e-01 3.28967e-01 0.00000e+00
4.69320e-01 3.06795e-01 0.00000e+00
4.71388e-01 2.86118e-01 0.00000e+00
4.73317e-01 2.66835e-01 0.00000e+00
4.75115e-01 2.48851e-01 0.00000e+00
4.76792e-01 2.32079e-01 0.00000e+00
4.78356e-01 2.16438e-01 0.00000e+00
4.79815e-01 2.01851e-01 0.00000e+00
4.81175e-01 1.88247e-01 0.00000e+00
4.82444e-01 1.75560e-01 0.00000e+00
4.83627e-01 1.63727e-01 0.00000e+00
4.84731e-01 1.52693e-01 0.00000e+00
4.85760e-01 1.42402e-01 0.00000e+00
4.86720e-01 1.32804e-01 0.00000e+00
4.87615e-01 1.23854e-01 0.00000e+00
4.88449e-01 1.15506e-01 0.00000e+00
4.89228e-01 1.07722e-01 0.00000e+00
4.89954e-01 1.00462e-01 0.00000e+00
4.90631e-01 9.36909e-02 0.00000e+00
4.91262e-01 8.73764e-02 0.00000e+00
4.91851e-01 8.14875e-02 0.00000e+00
4.92400e-01 7.59956e-02 0.00000e+00
4.92913e-01 7.08737e-02 0.00000e+00
4.93390e-01 6.60971e-02 0.00000e+00
4.93836e-01 6.16423e-02 0.00000e+00
4.94251e-01 5.74878e-02 0.00000e+00
4.94639e-01 5.36134e-02 0.00000e+00
4.95000e-01 5.00000e-02 0.00000e+00
4.95337e-01 4.66302e-02 0.00000e+00
4.95651e-01 4.34875e-02 0.00000e+00
4.95944e-01 4.05565e-02 0.00000e+00
4.96218e-01 3.78232e-02 0.00000e+00
4.96473e-01 3.52740e-02 0.00000e+00
4.96710e-01 3.28967e-02 0.00000e+00
4.96932e-01 3.06795e-02 0.00000e+00
4.97139e-01 2.86118e-02 0.00000e+00
4.97332e-01 2.66835e-02 0.00000e+00
4.97511e-01 2.48851e-02 0.00000e+00
4.97679e-01 2.32079e-02 0.00000e+00
4.97836e-01 2.16438e-02 0.00000e+00
4.97981e-01 2.01851e-02 0.00000e+00
4.98118e-01 1.88247e-02 0.00000e+00
4.98244e-01 1.75560e-02 0.00000e+00
4.98363e-01 1.63727e-02 0.00000e+00
4.98473e-01 1.52693e-02 0.00000e+00
4.98576e-01 1.42402e-02 0.00000e+00
4.98672e-01 1.32804e-02 0.00000e+00
4.98761e-01 1.23854e-02 0.00000e+00
4.98845e-01 1.15506e-02 0.00000e+00
4.98923e-01 1.07722e-02 0.00000e+00
4.98995e-01 1.00462e-02 0.00000e+00
4.99063e-01 9.36909e-03 0.00000e+00
4.99126e-01 8.73764e-03 0.00000e+00
4.99185e-01 8.14875e-03 0.00000e+00
4.99240e-01 7.59956e-03 0.00000e+00
4.99291e-01 7.08737e-03 0.00000e+00
4.99339e-01 6.60971e-03 0.00000e+00
4.99384e-01 6.16423e-03 0.00000e+00
4.99425e-01 5.74878e-03 0.00000e+00
4.99464e-01 5.36134e-03 0.00000e+00
4.99500e-01 5.00000e-03 0.00000e+00
5.00000e-01 0.00000e+00 0.00000e+00
5.00500e-01 5.00000e-03 0.00000e+00
5.00536e-01 5.36134e-03 0.00000e+00
5.00575e-01 5.74878e-03 0.00000e+00
5.00616e-01 6.16423e-03 0.00000e+00
5.00661e-01 6.60971e-03 0.00000e+00
5.00709e-01 7.08737e-03 0.00000e+00
5.00760e-01 7.59956e-03 0.00000e+00
5.00815e-01 8.14875e-03 0.00000e+00
5.00874e-01 8.73764e-03 0.00000e+00
5.00937e-01 9.36909e-03 0.00000e+00
5.01005e-01 1.00462e-02 0.00000e+00
5.01077e-01 1.07722e-02 0.00000e+00
5.01155e-01 1.15506e-02 0.00000e+00
5.01239e-01 1.23854e-02 0.00000e+00
5.01328e-01 1.32804e-02 0.00000e+00
5.01424e-01 1.42402e-02 0.00000e+00
5.01527e-01 1.52693e-02 0.00000e+00
5.01637e-01 1.63727e-02 0.00000e+00
5.01756e-01 1.75560e-02 0.00000e+00
5.01882e-01 1.88247e-02 0.00000e+00
5.02019e-01 2.01851e-02 0.00000e+00
5.02164e-01 2.16438e-02 0.00000e+00
5.02321e-01 2.32079e-02 0.00000e+00
5.02489e-01 2.48851e-02 0.00000e+00
5.02668e-01 2.66835e-02 0.00000e+00
5.02861e-01 2.86118e-02 0.00000e+00
5.03068e-01 3.06795e-02 0.00000e+00
5.03290e-01 3.28967e-02 0.00000e+00
5.03527e-01 3.52740e-02 0.00000e+00
5.03782e-01 3.78232e-02 0.00000e+00
5.04056e-01 4.05565e-02 0.00000e+00
5.04349e-01 4.34875e-02 0.00000e+00
5.04663e-01 4.66302e-02 0.00000e+00
5.05000e-01 5.00000e-02 0.00000e+00
5.05361e-01 5.36134e-02 0.00000e+00
5.05749e-01 5.74878e-02 0.00000e+00
5.06164e-01 6.16423e-02 0.00000e+00
5.06610e-01 6.60971e-02 0.00000e+00
5.07087e-01 7.08737e-02 0.00000e+00
5.07600e-01 7.59956e-02 0.00000e+00
5.08149e-01 8.14875e-02 0.00000e+00
5.08738e-01 8.73764e-02 0.00000e+00
5.09369e-01 9.36909e-02 0.00000e+00
5.10046e-01 1.00462e-01 0.00000e+00
5.10772e-01 1.07722e-01 0.00000e+00
5.11551e-01 1.15506e-01 0.00000e+00
5.12385e-01 1.23854e-01 0.00000e+00
5.13280e-01 1.32804e-01 0.00000e+00
5.14240e-01 1.42402e-01 0.00000e+00
5.15269e-01 1.52693e-01 0.00000e+00
5.16373e-01 1.63727e-01 0.00000e+00
5.17556e-01 1.75560e-01 0.00000e+00
5.18825e-01 1.88247e-01 0.00000e+00
5.20185e-01 2.01851e-01 0.00000e+00
5.21644e-01 2.16438e-01 0.00000e+00
5.23208e-01 2.32079e-01 0.00000e+00
5.24885e-01 2.48851e-01 0.00000e+00
5.26683e-01 2.66835e-01 0.00000e+00
5.28612e-01 2.86118e-01 0.00000e+00
5.30680e-01 3.06795e-01 0.00000e+00
5.32897e-01 3.28967e-01 0.00000e+00
5.35274e-01 3.52740e-01 0.00000e+00
5.37823e-01 3.78232e-01 0.00000e+00
5.40557e-01 4.05565e-01 0.00000e+00
5.43487e-01 4.34875e-01 0.00000e+00
5.46630e-01 4.66302e-01 0.00000e+00
5.50000e-01 5.00000e-01 0.00000e+00
5.53613e-01 5.36134e-01 0.00000e+00
5.57488e-01 5.74878e-01 0.00000e+00
5.61642e-01 6.16423e-01 0.00000e+00
5.66097e-01 6.60971e-01 0.00000e+00
5.70874e-01 7.08737e-01 0.00000e+00
5.75996e-01 7.59956e-01 0.00000e+00
5.81488e-01 8.14875e-01 0.00000e+00
5.87376e-01 8.73764e-01 0.00000e+00
5.93691e-01 9.36909e-01 0.00000e+00
6.00462e-01 1.00462e+00 0.00000e+00
6.07722e-01 1.07722e+00 0.00000e+00
6.15506e-01 1.15506e+00 0.00000e+00
6.23854e-01 1.23854e+00 0.00000e+00
6.32804e-01 1.32804e+00 0.00000e+00
6.42402e-01 1.42402e+00 0.00000e+00
6.52693e-01 1.52693e+00 0.00000e+00
6.63727e-01 1.63727e+00 0.00000e+00
6.75560e-01 1.75560e+00 0.00000e+00
6.88247e-01 1.88247e+00 0.00000e+00
7.01851e-01 2.01851e+00 0.00000e+00
7.16438e-01 2.16438e+00 0.00000e+00
7.32079e-01 2.32079e+00 0.00000e+00
7.48851e-01 2.48851e+00 0.00000e+00
7.66835e-01 2.66835e+00 0.00000e+00
7.86118e-01 2.86118e+00 0.00000e+00
8.06795e-01 3.06795e+00 0.00000e+00
8.28967e-01 3.28967e+00 0.00000e+00
8.52740e-01 3.52740e+00 0.00000e+00
8.78232e-01 3.78232e+00 0.00000e+00
9.05565e-01 4.05565e+00 0.00000e+00
9.34875e-01 4.34875e+00 0.00000e+00
9.66302e-01 4.66302e+00 0.00000e+00
1.00000e+00 5.00000e+00 0.00000e+00
